1332
0.851331892764 0.00773996989862 0.290806338278
0.836042134464 0.164668638878 0.408475336992
0.847887947879 0.00957391022769 0.295140935742
0.844004339109 0.00995030951231 0.296663043955
0.840272310685 0.00881186437346 0.295140935742
0.837260030101 0.0063318927635 0.290806338278
0.835426089772 0.00288794787905 0.284319154735
0.835049690488 -0.000995660890675 0.276667
0.836188135627 -0.00472768931548 0.269014845265
0.838668107236 -0.00773996989862 0.262527661722
0.842112052121 -0.00957391022769 0.258193064258
0.845995660891 -0.00995030951231 0.256670956045
0.849727689315 -0.00881186437346 0.258193064258
0.852739969899 -0.0063318927635 0.262527661722
0.854573910228 -0.00288794787905 0.269014845265
0.854950309512 0.000995660890675 0.276667
0.853811864373 0.00472768931548 0.284319154735
0.837786806907 0.167013172621 0.405884316756
0.833110571221 0.162745106298 0.410206601364
0.829438421107 0.161535415279 0.410814540565
0.825584735689 0.161223730313 0.410206601364
0.822136203638 0.161857502611 0.408475336992
0.819617832698 0.163340246085 0.405884316756
0.818413022014 0.165446226482 0.402828
0.818705193093 0.167854827379 0.399771683244
0.820449865536 0.170199361122 0.397180663008
0.823381428779 0.172122893702 0.395449398636
0.827053578893 0.173332584721 0.394841459435
0.830907264311 0.173644269687 0.395449398636
0.834355796362 0.173010497389 0.397180663008
0.836874167302 0.171527753915 0.399771683244
0.838078977986 0.169421773518 0.402828
0.817896186999 0.23233092846 0.456394315969
0.816398576736 0.229831750295 0.458989574333
0.817946718706 0.234749582063 0.453333
0.813681885505 0.227632524786 0.460723670531
0.810159704917 0.226068064083 0.461332604138
0.806368255038 0.225376543145 0.460723670531
0.802884749744 0.225663239766 0.458989574333
0.800239521138 0.226884506984 0.456394315969
0.798835281294 0.228854417937 0.453333
0.798885813001 0.23127307154 0.450271684031
0.800383423264 0.233772249705 0.447676425667
0.803100114495 0.235971475214 0.445942329469
0.806622295083 0.237535935917 0.445333395862
0.810413744962 0.238227456855 0.445942329469
0.813897250256 0.237940760234 0.447676425667
0.816542478862 0.236719493016 0.450271684031
0.787891113072 0.332124742032 0.529059
0.788082514539 0.329704780573 0.532114313993
0.786837444451 0.327059992658 0.534704484127
0.786292379188 0.333951459841 0.526003686007
0.784345453441 0.324593023274 0.536435180479
0.780985924552 0.322679446144 0.537042920218
0.777270315602 0.321610586042 0.536435180479
0.773764294372 0.321549167228 0.534704484127
0.771001620812 0.322504540159 0.532114313993
0.769402886928 0.324331257968 0.529059
0.769211485461 0.326751219427 0.526003686007
0.770456555549 0.329396007342 0.523413515873
0.772948546559 0.331862976726 0.521682819521
0.776308075448 0.333776553856 0.521075079782
0.780023684398 0.334845413958 0.521682819521
0.783529705628 0.334906832772 0.523413515873
0.721333772759 0.45279067464 0.626938317951
0.723100249925 0.451138476999 0.63
0.723529709152 0.448758190589 0.633061682049
0.722556769165 0.446012192437 0.63565725076
0.718499207788 0.453463251397 0.62434274924
0.720329551257 0.44331853587 0.637391554326
0.717187129165 0.441087305682 0.638000560751
0.713607908166 0.439658186443 0.637391554326
0.710136792212 0.439248748603 0.63565725076
0.707302227241 0.43992132536 0.633061682049
0.705535750075 0.441573523001 0.63
0.705106290848 0.443953809411 0.626938317951
0.706079230835 0.446699807563 0.62434274924
0.708306448743 0.44939346413 0.622608445674
0.711448870835 0.451624694318 0.621999439249
0.715028091834 0.453053813557 0.622608445674
0.701637010672 0.483516338824 0.649647278208
0.70453310518 0.483128933834 0.652238933795
0.706460779089 0.481657126737 0.655296
0.707126561519 0.479324986822 0.658353066205
0.706429093131 0.47648756125 0.660944721792
0.698213399699 0.48276036281 0.647915589308
0.704474557165 0.473576822343 0.662676410692
0.701560514003 0.471035903714 0.663284498968
0.698130600301 0.46925163719 0.662676410692
0.694706989328 0.468495661176 0.660944721792
0.69181089482 0.468883066166 0.658353066205
0.689883220911 0.470354873263 0.655296
0.689217438481 0.472687013178 0.652238933795
0.689914906869 0.47552443875 0.649647278208
0.691869442835 0.478435177657 0.647915589308
0.694783485997 0.480976096286 0.647307501032
0.588712100076 0.611536624909 0.773990594299
0.591918010838 0.612956046517 0.775722282028
0.594833444246 0.613150225998 0.778313935863
0.597014551991 0.612089601287 0.781371
0.598129280193 0.609935642882 0.784428064137
0.598007921587 0.607016271423 0.787019717972
0.585703782813 0.609108055248 0.773382506434
0.59666895192 0.603775934752 0.788751405701
0.594316217187 0.600707944752 0.789359493566
0.591307899924 0.598279375091 0.788751405701
0.588101989162 0.596859953483 0.787019717972
0.585186555754 0.596665774002 0.784428064137
0.583005448009 0.597726398713 0.781371
0.581890719807 0.599880357118 0.778313935863
0.582012078413 0.602799728577 0.775722282028
0.58335104808 0.606040065248 0.773990594299
0.558923552012 0.62969741584 0.798666437445
0.561666547559 0.632404661677 0.799275444007
0.564706025086 0.634130309471 0.801009747964
0.567579251694 0.63461164499 0.803605317261
0.569848804676 0.633775389263 0.806667
0.571169165164 0.631748854645 0.809728682739
0.571339320244 0.628840562661 0.812324252036
0.556894634652 0.626420725599 0.799275444007
0.570333365348 0.625493274401 0.814058555993
0.568304447988 0.62221658416 0.814667562555
0.565561452441 0.619509338323 0.814058555993
0.562521974914 0.617783690529 0.812324252036
0.559648748306 0.61730235501 0.809728682739
0.557379195324 0.618138610737 0.806667
0.556058834836 0.620165145355 0.803605317261
0.555888679756 0.623073437339 0.801009747964
0.451695061928 0.709615316279 0.900231818259
0.453392885747 0.713088875624 0.899624078416
0.455860761609 0.71606508277 0.900231818259
0.458722977785 0.718090837157 0.901962514908
0.461543787809 0.718857736045 0.904552685485
0.463893748926 0.718249026029 0.907608
0.465415100857 0.716357377691 0.910663314515
0.465876231562 0.713470777343 0.913253485092
0.451025768438 0.706173222657 0.901962514908
0.465206938072 0.710028683721 0.914984181741
0.463509114253 0.706555124376 0.915591921584
0.461041238391 0.70357891723 0.914984181741
0.458179022215 0.701553162843 0.913253485092
0.455358212191 0.700786263955 0.910663314515
0.453008251074 0.701394973971 0.907608
0.451486899143 0.703286622309 0.904552685485
0.361654378532 0.751500353457 0.977676417104
0.361976931055 0.754980720515 0.97594231828
0.363316311278 0.758594493181 0.975333383751
0.365468610706 0.761791507326 0.97594231828
0.368106161259 0.764085046526 0.977676417104
0.370827419777 0.765125940231 0.980271679396
0.373218099317 0.764755721808 0.983333
0.374914240592 0.763030753658 0.986394320604
0.375657621468 0.760213646543 0.988989582896
0.362397759408 0.748683246342 0.980271679396
0.375335068945 0.756733279485 0.99072368172
0.373995688722 0.753119506819 0.991332616249
0.371843389294 0.749922492674 0.99072368172
0.369205838741 0.747628953474 0.988989582896
0.366484580223 0.746588059769 0.986394320604
0.364093900683 0.746958278192 0.983333
0.303183159719 0.778801800207 1.03078168052
0.302160262062 0.781539388001 1.02819065798
0.302134959356 0.785045581205 1.02645939207
0.303111103708 0.788786593689 1.02585145233
0.30494008599 0.792192890214 1.02645939207
0.307343460227 0.794745893013 1.02819065798
0.30995533448 0.796056930552 1.03078168052
0.312378074571 0.79592640925 1.033838
0.314242840281 0.794374199793 1.03689431948
0.315265737938 0.791636611999 1.03948534202
0.305047925429 0.77724959075 1.033838
0.315291040644 0.788130418795 1.04121660793
0.314314896292 0.784389406311 1.04182454767
0.31248591401 0.780983109786 1.04121660793
0.310082539773 0.778430106987 1.03948534202
0.30747066552 0.777119069448 1.03689431948
0.144989986317 0.822283520195 1.16
0.142854626595 0.823435452632 1.15694368113
0.141309561825 0.825916075041 1.1543526591
0.140590014113 0.829347735146 1.15262139353
0.140805528075 0.833207993804 1.15201345391
0.141923293664 0.836909161629 1.15262139353
0.143773141202 0.83988776937 1.1543526591
0.146073448169 0.841690350999 1.15694368113
0.148474013683 0.842042479805 1.16
0.150609373405 0.840890547368 1.16305631887
0.152154438175 0.838409924959 1.1656473409
0.147390551831 0.822635649001 1.16305631887
0.152873985887 0.834978264854 1.16737860647
0.152658471925 0.831118006196 1.16798654609
0.151540706336 0.827416838371 1.16737860647
0.149690858798 0.82443823063 1.1656473409
-0.0185336817772 0.835529050739 1.28921831964
-0.0208168745494 0.83470823708 1.286162
-0.023138146654 0.835414211664 1.28310568036
-0.0251441054555 0.837539496262 1.28051465768
-0.0265293619105 0.840760535558 1.27878339168
-0.027083023281 0.844586955518 1.2781754519
-0.0267207996424 0.848436218391 1.27878339168
-0.0254978362601 0.851722308797 1.28051465768
-0.0236003182228 0.853944949261 1.28310568036
-0.0213171254506 0.85476576292 1.286162
-0.018995853346 0.854059788336 1.28921831964
-0.0169898945445 0.851934503738 1.29180934232
-0.0166361637399 0.837751691203 1.29180934232
-0.0156046380895 0.848713464442 1.29354060832
-0.015050976719 0.844887044482 1.2941485481
-0.0154132003576 0.841037781609 1.29354060832
-0.0828167063938 0.829872390578 1.34232359268
-0.0844787590615 0.827479428968 1.3397283259
-0.0866625780942 0.826438606037 1.336667
-0.0890356968404 0.826908377639 1.3336056741
-0.0912368294833 0.828817225308 1.33101040732
-0.0929308735315 0.831874544289 1.3292763055
-0.093859926135 0.835614885483 1.32866736992
-0.093882547457 0.839468815848 1.3292763055
-0.0929952936062 0.842849609422 1.33101040732
-0.0913332409385 0.845242571032 1.3336056741
-0.0891494219058 0.846283393963 1.336667
-0.0867763031596 0.845813622361 1.3397283259
-0.0845751705167 0.843904774692 1.34232359268
-0.081929452543 0.833253184152 1.3440576945
-0.0828811264685 0.840847455711 1.3440576945
-0.081952073865 0.837107114517 1.34466663008
-0.181753189343 0.821309102994 1.41976818178
-0.182301530667 0.817845682257 1.41803748512
-0.183722131759 0.815290883794 1.41544731453
-0.18579871898 0.814033652511 1.412392
-0.188215150751 0.814265390474 1.40933668547
-0.19060354724 0.815950817679 1.40674651488
-0.192600296731 0.818833343112 1.40501581822
-0.193901412216 0.822474128407 1.40440807837
-0.194308810657 0.826318897006 1.40501581822
-0.193760469333 0.829782317743 1.40674651488
-0.192339868241 0.832337116206 1.40933668547
-0.19026328102 0.833594347489 1.412392
-0.187846849249 0.833362609526 1.41544731453
-0.18545845276 0.831677182321 1.41803748512
-0.182160587784 0.825153871593 1.42037592163
-0.183461703269 0.828794656888 1.41976818178
-0.309848161105 0.7828857249 1.52133356298
-0.309062222413 0.779112728091 1.52072455639
-0.309261705431 0.775623245298 1.51899025234
-0.310416240681 0.772948518646 1.5163946829
-0.312350060635 0.771495751019 1.513333
-0.314768758736 0.77148611312 1.5102713171
-0.317304110123 0.772921072231 1.50767574766
-0.319570130531 0.775582168837 1.50594144361
-0.321221838895 0.7790642751 1.50533243702
-0.322007777587 0.782837271909 1.50594144361
-0.321808294569 0.786326754702 1.50767574766
-0.320653759319 0.789001481354 1.5102713171
-0.318719939365 0.790454248981 1.513333
-0.316301241264 0.79046388688 1.5163946829
-0.313765889877 0.789028927769 1.51899025234
-0.311499869469 0.786367831163 1.52072455639
-0.344051387124 0.776007026881 1.54600941722
-0.342055044704 0.772696059929 1.54661750604
-0.340893432524 0.769008439781 1.54600941722
-0.340743395509 0.765505573175 1.54427772679
-0.341627775434 0.762720739799 1.54168606891
-0.343411933474 0.761077905289 1.538629
-0.345824247739 0.760827176308 1.53557193109
-0.348497465251 0.762006724069 1.53298027321
-0.351024612876 0.764436973119 1.53124858278
-0.353020955296 0.767747940071 1.53064049396
-0.354182567476 0.771435560219 1.53124858278
-0.354332604491 0.774938426825 1.53298027321
-0.353448224566 0.777723260201 1.53557193109
-0.351664066526 0.779366094711 1.538629
-0.349251752261 0.779616823692 1.54168606891
-0.346578534749 0.778437275931 1.54427772679
-0.493951249015 0.694329509538 1.67035273161
-0.490992697537 0.692448139569 1.67208442352
-0.48837993127 0.689598343765 1.67269251285
-0.486510720192 0.686213977703 1.67208442352
-0.485669634747 0.682810280437 1.67035273161
-0.485984722568 0.679905434021 1.66776107152
-0.487408014392 0.677941674989 1.664704
-0.48972282694 0.677217967852 1.66164692848
-0.492576750985 0.677844490462 1.65905526839
-0.495535302463 0.679725860431 1.65732357648
-0.49814806873 0.682575656235 1.65671548715
-0.500017279808 0.685960022297 1.65732357648
-0.500858365253 0.689363719563 1.65905526839
-0.500543277432 0.692268565979 1.66164692848
-0.499119985608 0.694232325011 1.664704
-0.49680517306 0.694956032148 1.66776107152
-0.522969789951 0.672194198235 1.69306168557
-0.520076142147 0.671856700117 1.69565725726
-0.516954415782 0.670284725911 1.69739156282
-0.514079865396 0.667717594441 1.69800056995
-0.511890115228 0.664546128202 1.69739156282
-0.510718534891 0.661253154179 1.69565725726
-0.51074348687 0.658339997817 1.69306168557
-0.511961172453 0.656250160763 1.69
-0.514186210049 0.655301801765 1.68693831443
-0.517079857853 0.655639299883 1.68434274274
-0.520201584218 0.657211274089 1.68260843718
-0.523076134604 0.659778405559 1.68199943005
-0.525265884772 0.662949871798 1.68260843718
-0.526437465109 0.666242845821 1.68434274274
-0.52641251313 0.669156002183 1.68693831443
-0.525194827547 0.671245839237 1.69
-0.626782891439 0.581568376612 1.790941
-0.624655799287 0.582738146262 1.79399630838
-0.621732974325 0.582691031852 1.79658647376
-0.618459390157 0.581434206123 1.79831716693
-0.615333420298 0.5791590094 1.79892490556
-0.612830965323 0.576211819759 1.79831716693
-0.611333001315 0.573041320107 1.79658647376
-0.611067579717 0.570130190274 1.79399630838
-0.612075108561 0.567921623388 1.790941
-0.614202200713 0.566751853738 1.78788569162
-0.617125025675 0.566798968148 1.78529552624
-0.620398609843 0.568055793877 1.78356483307
-0.623524579702 0.5703309906 1.78295709444
-0.626027034677 0.573278180241 1.78356483307
-0.627524998685 0.576448679893 1.78529552624
-0.627790420283 0.579359809726 1.78788569162
-0.689109060206 0.498055971882 1.86360568448
-0.688329321943 0.500346048235 1.866667
-0.686336022173 0.501716886479 1.86972831552
-0.683432622719 0.501959788918 1.87232357351
-0.680061139827 0.501037775859 1.87405766946
-0.676734851206 0.49909121543 1.87466660297
-0.673960154144 0.496416453812 1.87405766946
-0.672159471118 0.493420699214 1.87232357351
-0.671606939794 0.490560028118 1.86972831552
-0.672386678057 0.488269951765 1.866667
-0.674379977827 0.486899113521 1.86360568448
-0.677283377281 0.486656211082 1.86101042649
-0.680654860173 0.487578224141 1.85927633054
-0.683981148794 0.48952478457 1.85866739703
-0.686755845856 0.492199546188 1.85927633054
-0.688556528882 0.495195300786 1.86101042649
-0.729302770195 0.440679862313 1.91152465185
-0.730140349748 0.443479710948 1.91411567721
-0.729591113378 0.445842976586 1.917172
-0.727738677344 0.447409873458 1.92022832279
-0.72486505824 0.447941855719 1.92281934815
-0.721407738524 0.447357933892 1.92455061594
-0.717893063784 0.445747004782 1.92515855634
-0.714856111386 0.443354317743 1.92455061594
-0.712759229805 0.440544137687 1.92281934815
-0.711921650252 0.437744289052 1.92022832279
-0.712470886622 0.435381023414 1.917172
-0.714323322656 0.433814126542 1.91411567721
-0.71719694176 0.433282144281 1.91152465185
-0.720654261476 0.433866066108 1.90979338406
-0.724168936216 0.435476995218 1.90918544366
-0.727205888614 0.437869682257 1.90979338406
-0.799550075832 0.285094517986 2.03595438696
-0.80216221019 0.287433489444 2.03768565407
-0.803537963915 0.29001186138 2.04027667841
-0.803467890975 0.292437100038 2.043333
-0.801962659339 0.294339984819 2.04638932159
-0.799251426878 0.295430818763 2.04898034593
-0.795746954158 0.295543532292 2.05071161304
-0.791982765382 0.294660965793 2.05131955321
-0.788531924168 0.292917482014 2.05071161304
-0.78591978981 0.290578510556 2.04898034593
-0.784544036085 0.28800013862 2.04638932159
-0.784614109025 0.285574899962 2.043333
-0.786119340661 0.283672015181 2.04027667841
-0.788830573122 0.282581181237 2.03768565407
-0.792335045842 0.282468467708 2.03595438696
-0.796099234618 0.283351034207 2.03534644679
-0.836458921247 0.119989317467 2.16150845446
-0.840186802767 0.121014464702 2.16211639404
-0.843210599991 0.122789480036 2.16384765949
-0.845069967201 0.125044133476 2.16643868134
-0.845481832594 0.127435174472 2.169495
-0.844383493398 0.129598588709 2.17255131866
-0.8419421618 0.13120501598 2.17514234051
-0.838529508404 0.132009892296 2.17687360596
-0.834665078753 0.131890682533 2.17748154554
-0.830937197233 0.130865535298 2.17687360596
-0.827913400009 0.129090519964 2.17514234051
-0.826054032799 0.126835866524 2.17255131866
-0.825642167406 0.124444825528 2.169495
-0.826740506602 0.122281411291 2.16643868134
-0.8291818382 0.12067498402 2.16384765949
-0.832594491596 0.119870107704 2.16211639404
-0.835374272105 0.0529343781602 2.21260931899
-0.839219117822 0.0526689469025 2.21200038452
-0.843018425561 0.0533159036517 2.21260931899
-0.846193785162 0.0547767551075 2.21434341764
-0.848261776908 0.0568290998784 2.21693867969
-0.848907567804 0.0591604870775 2.22
-0.848032842039 0.0614159841378 2.22306132031
-0.845770768682 0.0632522120781 2.22565658236
-0.842465727895 0.0643896218398 2.22739068101
-0.838620882178 0.0646550530975 2.22799961548
-0.834821574439 0.0640080963483 2.22739068101
-0.831646214838 0.0625472448925 2.22565658236
-0.829578223092 0.0604949001216 2.22306132031
-0.828932432196 0.0581635129225 2.22
-0.829807157961 0.0559080158622 2.21693867969
-0.832069231318 0.0540717879219 2.21434341764
-0.836652981074 -0.0460198784637 2.2900805232
-0.839838441626 -0.0474857615432 2.28834982909
-0.84364984967 -0.0481349083094 2.28774209014
-0.84750695288 -0.0478684920517 2.28834982909
-0.850822542258 -0.0467270722303 2.2900805232
-0.853091849377 -0.0448844196659 2.29267068997
-0.8539693928 -0.0426210615079 2.295726
-0.853321574494 -0.0402815735184 2.29878131003
-0.851247018926 -0.0382221215363 2.3013714768
-0.848061558374 -0.0367562384568 2.30310217091
-0.84425015033 -0.0361070916906 2.30370990986
-0.84039304712 -0.0363735079483 2.30310217091
-0.837077457742 -0.0375149277697 2.3013714768
-0.834808150623 -0.0393575803341 2.29878131003
-0.8339306072 -0.0416209384921 2.295726
-0.834578425506 -0.0439604264816 2.29267068997
-0.8144242212 -0.17602012871 2.39360529585
-0.816277649693 -0.178267754944 2.3910097084
-0.819291816405 -0.180037229709 2.38927539231
-0.823007841779 -0.181059166512 2.38866638149
-0.826859994636 -0.181177984739 2.38927539231
-0.830261819623 -0.180375595392 2.3910097084
-0.832695419726 -0.178774154974 2.39360529585
-0.833790301387 -0.176617468274 2.396667
-0.8333797788 -0.17423387129 2.39972870415
-0.831526350307 -0.171986245056 2.4023242916
-0.828512183595 -0.170216770291 2.40405860769
-0.824796158221 -0.169194833488 2.40466761851
-0.820944005364 -0.169076015261 2.40405860769
-0.817542180377 -0.169878404608 2.4023242916
-0.815108580274 -0.171479845026 2.39972870415
-0.814013698613 -0.173636531726 2.396667
-0.809148322973 -0.206035525506 2.421962
-0.809320315821 -0.208454709047 2.41890491554
-0.810946161517 -0.210882462375 2.41631324447
-0.813778339792 -0.212949182054 2.41458154523
-0.817385677178 -0.214340228747 2.41397345333
-0.821218989258 -0.214843828206 2.41458154523
-0.824694689017 -0.214383311977 2.41631324447
-0.827283632675 -0.213028789483 2.41890491554
-0.828591677027 -0.210986474494 2.421962
-0.828419684179 -0.208567290953 2.42501908446
-0.826793838483 -0.206139537625 2.42761075553
-0.823961660208 -0.204072817946 2.42934245477
-0.820354322822 -0.202681771253 2.42995054667
-0.816521010742 -0.202178171794 2.42934245477
-0.813045310983 -0.202638688023 2.42761075553
-0.810456367325 -0.203993210517 2.42501908446
-0.753966346111 -0.360537688946 2.55109508203
-0.752279566737 -0.362280336534 2.548038
-0.751968806894 -0.364685637678 2.54498091797
-0.753081376951 -0.367387407083 2.54238924897
-0.755447898201 -0.369974324847 2.5406575511
-0.758708089238 -0.372052556193 2.54004945968
-0.76236561553 -0.373305709237 2.5406575511
-0.765863651854 -0.373543002788 2.54238924897
-0.768669653889 -0.372728311054 2.54498091797
-0.770356433263 -0.370985663466 2.548038
-0.770667193106 -0.368580362322 2.55109508203
-0.769554623049 -0.365878592917 2.55368675103
-0.767188101799 -0.363291675153 2.5554184489
-0.763927910762 -0.361213443807 2.55602654032
-0.76027038447 -0.359960290763 2.5554184489
-0.756772348146 -0.359722997212 2.55368675103
-0.739892273771 -0.388134189221 2.57899029019
-0.73702771657 -0.388664600629 2.57639470339
-0.735181085411 -0.390226657413 2.573333
-0.734633513147 -0.392582550587 2.57027129661
-0.735468362691 -0.395373616773 2.56767570981
-0.737558535769 -0.398174941444 2.56594139416
-0.740585822476 -0.400560048314 2.56533238349
-0.744089345855 -0.402165826482 2.56594139416
-0.747535726229 -0.402747810779 2.56767570981
-0.75040028343 -0.402217399371 2.57027129661
-0.752246914589 -0.400655342587 2.573333
-0.752794486853 -0.398299449413 2.57639470339
-0.751959637309 -0.395508383227 2.57899029019
-0.749869464231 -0.392707058556 2.58072460584
-0.746842177524 -0.390321951686 2.58133361651
-0.743338654145 -0.388716173518 2.58072460584
-0.673874781898 -0.503463499951 2.68165017382
-0.670492329739 -0.502538847992 2.67991947903
-0.667579338424 -0.502782972832 2.67732931123
-0.665579284474 -0.504158708677 2.674274
-0.664796657972 -0.506456612218 2.67121868877
-0.665350606709 -0.509326848469 2.66862852097
-0.667156797011 -0.51233244998 2.66689782618
-0.669940252778 -0.515015841168 2.66629008699
-0.673277218102 -0.516968500049 2.66689782618
-0.676659670261 -0.517893152008 2.66862852097
-0.679572661576 -0.517649027168 2.67121868877
-0.681572715526 -0.516273291323 2.674274
-0.682355342028 -0.513975387782 2.67732931123
-0.681801393291 -0.511105151531 2.67991947903
-0.679995202989 -0.50809955002 2.68165017382
-0.677211747222 -0.505416158832 2.68225791301
-0.607209330606 -0.581742349263 2.76
-0.60423141115 -0.57932551268 2.75923879533
-0.601361520164 -0.577648793473 2.75707106781
-0.599036572536 -0.57696745694 2.75382683432
-0.597610520465 -0.577385230393 2.75
-0.597300467452 -0.578838511611 2.74617316568
-0.598153616258 -0.581106051701 2.74292893219
-0.600040082711 -0.583842638241 2.74076120467
-0.602672669394 -0.586631650737 2.74
-0.60565058885 -0.58904848732 2.74076120467
-0.608520479836 -0.590725206527 2.74292893219
-0.610845427464 -0.59140654306 2.74617316568
-0.612271479535 -0.590988769607 2.75
-0.612581532548 -0.589535488389 2.75382683432
-0.611728383742 -0.587267948299 2.75707106781
-0.609841917289 -0.584531361759 2.75923879533
-0.559123 -0.633566 2.76
-0.561667791212 -0.636449629635 2.75923879533
-0.556578208788 -0.630682370365 2.75923879533
-0.55442083897 -0.628237747202 2.75707106781
-0.552979330543 -0.626604302226 2.75382683432
-0.552473140099 -0.626030712629 2.75
-0.552979330543 -0.626604302226 2.74617316568
-0.55442083897 -0.628237747202 2.74292893219
-0.556578208788 -0.630682370365 2.74076120467
-0.559123 -0.633566 2.74
-0.561667791212 -0.636449629635 2.74076120467
-0.56382516103 -0.638894252798 2.74292893219
-0.565266669457 -0.640527697774 2.74617316568
-0.565772859901 -0.641101287371 2.75
-0.565266669457 -0.640527697774 2.75382683432
-0.56382516103 -0.638894252798 2.75707106781
-0.430618379118 -0.725954561971 2.76
-0.432234219005 -0.729506062352 2.75923879533
-0.427766437363 -0.723291758613 2.75923879533
-0.424112576018 -0.721923039952 2.75707106781
-0.420213062352 -0.722056780995 2.75382683432
-0.416661561971 -0.723672620882 2.75
-0.413998758613 -0.726524562637 2.74617316568
-0.412630039952 -0.730178423982 2.74292893219
-0.412763780995 -0.734077937648 2.74076120467
-0.414379620882 -0.737629438029 2.74
-0.417231562637 -0.740292241387 2.74076120467
-0.420885423982 -0.741660960048 2.74292893219
-0.424784937648 -0.741527219005 2.74617316568
-0.428336438029 -0.739911379118 2.75
-0.430999241387 -0.737059437363 2.75382683432
-0.432367960048 -0.733405576018 2.75707106781
-0.430618379118 -0.725954561971 3.54
-0.432234219005 -0.729506062352 3.54076120467
-0.427766437363 -0.723291758613 3.54076120467
-0.424112576018 -0.721923039952 3.54292893219
-0.420213062352 -0.722056780995 3.54617316568
-0.416661561971 -0.723672620882 3.55
-0.413998758613 -0.726524562637 3.55382683432
-0.412630039952 -0.730178423982 3.55707106781
-0.412763780995 -0.734077937648 3.55923879533
-0.414379620882 -0.737629438029 3.56
-0.417231562637 -0.740292241387 3.55923879533
-0.420885423982 -0.741660960048 3.55707106781
-0.424784937648 -0.741527219005 3.55382683432
-0.428336438029 -0.739911379118 3.55
-0.430999241387 -0.737059437363 3.54617316568
-0.432367960048 -0.733405576018 3.54292893219
-0.559123 -0.633566 3.54
-0.561667791212 -0.636449629635 3.54076120467
-0.556578208788 -0.630682370365 3.54076120467
-0.55442083897 -0.628237747202 3.54292893219
-0.552979330543 -0.626604302226 3.54617316568
-0.552473140099 -0.626030712629 3.55
-0.552979330543 -0.626604302226 3.55382683432
-0.55442083897 -0.628237747202 3.55707106781
-0.556578208788 -0.630682370365 3.55923879533
-0.559123 -0.633566 3.56
-0.561667791212 -0.636449629635 3.55923879533
-0.56382516103 -0.638894252798 3.55707106781
-0.565266669457 -0.640527697774 3.55382683432
-0.565772859901 -0.641101287371 3.55
-0.565266669457 -0.640527697774 3.54617316568
-0.56382516103 -0.638894252798 3.54292893219
-0.602672669394 -0.586631650737 3.54
-0.60565058885 -0.58904848732 3.54076120467
-0.600040082711 -0.583842638241 3.54076120467
-0.598153616258 -0.581106051701 3.54292893219
-0.597300467452 -0.578838511611 3.54617316568
-0.597610520465 -0.577385230393 3.55
-0.599036572536 -0.57696745694 3.55382683432
-0.601361520164 -0.577648793473 3.55707106781
-0.60423141115 -0.57932551268 3.55923879533
-0.607209330606 -0.581742349263 3.56
-0.609841917289 -0.584531361759 3.55923879533
-0.611728383742 -0.587267948299 3.55707106781
-0.612581532548 -0.589535488389 3.55382683432
-0.612271479535 -0.590988769607 3.55
-0.610845427464 -0.59140654306 3.54617316568
-0.608520479836 -0.590725206527 3.54292893219
-0.673277218102 -0.516968500049 3.46689782618
-0.669940252778 -0.515015841168 3.46629008699
-0.667156797011 -0.51233244998 3.46689782618
-0.665350606709 -0.509326848469 3.46862852097
-0.664796657972 -0.506456612218 3.47121868877
-0.665579284474 -0.504158708677 3.474274
-0.667579338424 -0.502782972832 3.47732931123
-0.670492329739 -0.502538847992 3.47991947903
-0.673874781898 -0.503463499951 3.48165017382
-0.677211747222 -0.505416158832 3.48225791301
-0.679995202989 -0.50809955002 3.48165017382
-0.681801393291 -0.511105151531 3.47991947903
-0.682355342028 -0.513975387782 3.47732931123
-0.681572715526 -0.516273291323 3.474274
-0.679572661576 -0.517649027168 3.47121868877
-0.676659670261 -0.517893152008 3.46862852097
-0.747535726229 -0.402747810779 3.36767570981
-0.744089345855 -0.402165826482 3.36594139416
-0.740585822476 -0.400560048314 3.36533238349
-0.737558535769 -0.398174941444 3.36594139416
-0.735468362691 -0.395373616773 3.36767570981
-0.734633513147 -0.392582550587 3.37027129661
-0.735181085411 -0.390226657413 3.373333
-0.73702771657 -0.388664600629 3.37639470339
-0.739892273771 -0.388134189221 3.37899029019
-0.743338654145 -0.388716173518 3.38072460584
-0.746842177524 -0.390321951686 3.38133361651
-0.749869464231 -0.392707058556 3.38072460584
-0.751959637309 -0.395508383227 3.37899029019
-0.752794486853 -0.398299449413 3.37639470339
-0.752246914589 -0.400655342587 3.373333
-0.75040028343 -0.402217399371 3.37027129661
-0.768669653889 -0.372728311054 3.34498091797
-0.765863651854 -0.373543002788 3.34238924897
-0.76236561553 -0.373305709237 3.3406575511
-0.758708089238 -0.372052556193 3.34004945968
-0.755447898201 -0.369974324847 3.3406575511
-0.753081376951 -0.367387407083 3.34238924897
-0.751968806894 -0.364685637678 3.34498091797
-0.752279566737 -0.362280336534 3.348038
-0.753966346111 -0.360537688946 3.35109508203
-0.756772348146 -0.359722997212 3.35368675103
-0.76027038447 -0.359960290763 3.3554184489
-0.763927910762 -0.361213443807 3.35602654032
-0.767188101799 -0.363291675153 3.3554184489
-0.769554623049 -0.365878592917 3.35368675103
-0.770667193106 -0.368580362322 3.35109508203
-0.770356433263 -0.370985663466 3.348038
-0.828591677027 -0.210986474494 3.221962
-0.827283632675 -0.213028789483 3.21890491554
-0.824694689017 -0.214383311977 3.21631324447
-0.821218989258 -0.214843828206 3.21458154523
-0.817385677178 -0.214340228747 3.21397345333
-0.813778339792 -0.212949182054 3.21458154523
-0.810946161517 -0.210882462375 3.21631324447
-0.809320315821 -0.208454709047 3.21890491554
-0.809148322973 -0.206035525506 3.221962
-0.810456367325 -0.203993210517 3.22501908446
-0.813045310983 -0.202638688023 3.22761075553
-0.816521010742 -0.202178171794 3.22934245477
-0.820354322822 -0.202681771253 3.22995054667
-0.823961660208 -0.204072817946 3.22934245477
-0.826793838483 -0.206139537625 3.22761075553
-0.828419684179 -0.208567290953 3.22501908446
-0.8333797788 -0.17423387129 3.19972870415
-0.833790301387 -0.176617468274 3.196667
-0.832695419726 -0.178774154974 3.19360529585
-0.830261819623 -0.180375595392 3.1910097084
-0.826859994636 -0.181177984739 3.18927539231
-0.823007841779 -0.181059166512 3.18866638149
-0.819291816405 -0.180037229709 3.18927539231
-0.816277649693 -0.178267754944 3.1910097084
-0.8144242212 -0.17602012871 3.19360529585
-0.814013698613 -0.173636531726 3.196667
-0.815108580274 -0.171479845026 3.19972870415
-0.817542180377 -0.169878404608 3.2023242916
-0.820944005364 -0.169076015261 3.20405860769
-0.824796158221 -0.169194833488 3.20466761851
-0.828512183595 -0.170216770291 3.20405860769
-0.831526350307 -0.171986245056 3.2023242916
-0.851247018926 -0.0382221215363 3.1013714768
-0.853321574494 -0.0402815735184 3.09878131003
-0.8539693928 -0.0426210615079 3.095726
-0.853091849377 -0.0448844196659 3.09267068997
-0.850822542258 -0.0467270722303 3.0900805232
-0.84750695288 -0.0478684920517 3.08834982909
-0.84364984967 -0.0481349083094 3.08774209014
-0.839838441626 -0.0474857615432 3.08834982909
-0.836652981074 -0.0460198784637 3.0900805232
-0.834578425506 -0.0439604264816 3.09267068997
-0.8339306072 -0.0416209384921 3.095726
-0.834808150623 -0.0393575803341 3.09878131003
-0.837077457742 -0.0375149277697 3.1013714768
-0.84039304712 -0.0363735079483 3.10310217091
-0.84425015033 -0.0361070916906 3.10370990986
-0.848061558374 -0.0367562384568 3.10310217091
-0.842465727895 0.0643896218398 3.02739068101
-0.845770768682 0.0632522120781 3.02565658236
-0.848032842039 0.0614159841378 3.02306132031
-0.848907567804 0.0591604870775 3.02
-0.848261776908 0.0568290998784 3.01693867969
-0.846193785162 0.0547767551075 3.01434341764
-0.843018425561 0.0533159036517 3.01260931899
-0.839219117822 0.0526689469025 3.01200038452
-0.835374272105 0.0529343781602 3.01260931899
-0.832069231318 0.0540717879219 3.01434341764
-0.829807157961 0.0559080158622 3.01693867969
-0.828932432196 0.0581635129225 3.02
-0.829578223092 0.0604949001216 3.02306132031
-0.831646214838 0.0625472448925 3.02565658236
-0.834821574439 0.0640080963483 3.02739068101
-0.838620882178 0.0646550530975 3.02799961548
-0.834665078753 0.131890682533 2.97748154554
-0.838529508404 0.132009892296 2.97687360596
-0.8419421618 0.13120501598 2.97514234051
-0.844383493398 0.129598588709 2.97255131866
-0.845481832594 0.127435174472 2.969495
-0.845069967201 0.125044133476 2.96643868134
-0.843210599991 0.122789480036 2.96384765949
-0.840186802767 0.121014464702 2.96211639404
-0.836458921247 0.119989317467 2.96150845446
-0.832594491596 0.119870107704 2.96211639404
-0.8291818382 0.12067498402 2.96384765949
-0.826740506602 0.122281411291 2.96643868134
-0.825642167406 0.124444825528 2.969495
-0.826054032799 0.126835866524 2.97255131866
-0.827913400009 0.129090519964 2.97514234051
-0.830937197233 0.130865535298 2.97687360596
-0.788531924168 0.292917482014 2.85071161304
-0.791982765382 0.294660965793 2.85131955321
-0.795746954158 0.295543532292 2.85071161304
-0.799251426878 0.295430818763 2.84898034593
-0.801962659339 0.294339984819 2.84638932159
-0.803467890975 0.292437100038 2.843333
-0.803537963915 0.29001186138 2.84027667841
-0.80216221019 0.287433489444 2.83768565407
-0.799550075832 0.285094517986 2.83595438696
-0.796099234618 0.283351034207 2.83534644679
-0.792335045842 0.282468467708 2.83595438696
-0.788830573122 0.282581181237 2.83768565407
-0.786119340661 0.283672015181 2.84027667841
-0.784614109025 0.285574899962 2.843333
-0.784544036085 0.28800013862 2.84638932159
-0.78591978981 0.290578510556 2.84898034593
-0.712759229805 0.440544137687 2.72281934815
-0.714856111386 0.443354317743 2.72455061594
-0.717893063784 0.445747004782 2.72515855634
-0.721407738524 0.447357933892 2.72455061594
-0.72486505824 0.447941855719 2.72281934815
-0.727738677344 0.447409873458 2.72022832279
-0.729591113378 0.445842976586 2.717172
-0.730140349748 0.443479710948 2.71411567721
-0.729302770195 0.440679862313 2.71152465185
-0.727205888614 0.437869682257 2.70979338406
-0.724168936216 0.435476995218 2.70918544366
-0.720654261476 0.433866066108 2.70979338406
-0.71719694176 0.433282144281 2.71152465185
-0.714323322656 0.433814126542 2.71411567721
-0.712470886622 0.435381023414 2.717172
-0.711921650252 0.437744289052 2.72022832279
-0.671606939794 0.490560028118 2.66972831552
-0.672159471118 0.493420699214 2.67232357351
-0.673960154144 0.496416453812 2.67405766946
-0.676734851206 0.49909121543 2.67466660297
-0.680061139827 0.501037775859 2.67405766946
-0.683432622719 0.501959788918 2.67232357351
-0.686336022173 0.501716886479 2.66972831552
-0.688329321943 0.500346048235 2.666667
-0.689109060206 0.498055971882 2.66360568448
-0.688556528882 0.495195300786 2.66101042649
-0.686755845856 0.492199546188 2.65927633054
-0.683981148794 0.48952478457 2.65866739703
-0.680654860173 0.487578224141 2.65927633054
-0.677283377281 0.486656211082 2.66101042649
-0.674379977827 0.486899113521 2.66360568448
-0.672386678057 0.488269951765 2.666667
-0.612075108561 0.567921623388 2.590941
-0.611067579717 0.570130190274 2.59399630838
-0.611333001315 0.573041320107 2.59658647376
-0.612830965323 0.576211819759 2.59831716693
-0.615333420298 0.5791590094 2.59892490556
-0.618459390157 0.581434206123 2.59831716693
-0.621732974325 0.582691031852 2.59658647376
-0.624655799287 0.582738146262 2.59399630838
-0.626782891439 0.581568376612 2.590941
-0.627790420283 0.579359809726 2.58788569162
-0.627524998685 0.576448679893 2.58529552624
-0.626027034677 0.573278180241 2.58356483307
-0.623524579702 0.5703309906 2.58295709444
-0.620398609843 0.568055793877 2.58356483307
-0.617125025675 0.566798968148 2.58529552624
-0.614202200713 0.566751853738 2.58788569162
-0.514186210049 0.655301801765 2.48693831443
-0.511961172453 0.656250160763 2.49
-0.51074348687 0.658339997817 2.49306168557
-0.510718534891 0.661253154179 2.49565725726
-0.511890115228 0.664546128202 2.49739156282
-0.514079865396 0.667717594441 2.49800056995
-0.516954415782 0.670284725911 2.49739156282
-0.520076142147 0.671856700117 2.49565725726
-0.522969789951 0.672194198235 2.49306168557
-0.525194827547 0.671245839237 2.49
-0.52641251313 0.669156002183 2.48693831443
-0.526437465109 0.666242845821 2.48434274274
-0.525265884772 0.662949871798 2.48260843718
-0.523076134604 0.659778405559 2.48199943005
-0.520201584218 0.657211274089 2.48260843718
-0.517079857853 0.655639299883 2.48434274274
-0.492576750985 0.677844490462 2.45905526839
-0.48972282694 0.677217967852 2.46164692848
-0.487408014392 0.677941674989 2.464704
-0.485984722568 0.679905434021 2.46776107152
-0.485669634747 0.682810280437 2.47035273161
-0.486510720192 0.686213977703 2.47208442352
-0.48837993127 0.689598343765 2.47269251285
-0.490992697537 0.692448139569 2.47208442352
-0.493951249015 0.694329509538 2.47035273161
-0.49680517306 0.694956032148 2.46776107152
-0.499119985608 0.694232325011 2.464704
-0.500543277432 0.692268565979 2.46164692848
-0.500858365253 0.689363719563 2.45905526839
-0.500017279808 0.685960022297 2.45732357648
-0.49814806873 0.682575656235 2.45671548715
-0.495535302463 0.679725860431 2.45732357648
-0.351024612876 0.764436973119 2.33124858278
-0.348497465251 0.762006724069 2.33298027321
-0.345824247739 0.760827176308 2.33557193109
-0.343411933474 0.761077905289 2.338629
-0.341627775434 0.762720739799 2.34168606891
-0.340743395509 0.765505573175 2.34427772679
-0.340893432524 0.769008439781 2.34600941722
-0.342055044704 0.772696059929 2.34661750604
-0.344051387124 0.776007026881 2.34600941722
-0.346578534749 0.778437275931 2.34427772679
-0.349251752261 0.779616823692 2.34168606891
-0.351664066526 0.779366094711 2.338629
-0.353448224566 0.777723260201 2.33557193109
-0.354332604491 0.774938426825 2.33298027321
-0.354182567476 0.771435560219 2.33124858278
-0.353020955296 0.767747940071 2.33064049396
-0.321221838895 0.7790642751 2.30533243702
-0.319570130531 0.775582168837 2.30594144361
-0.317304110123 0.772921072231 2.30767574766
-0.314768758736 0.77148611312 2.3102713171
-0.312350060635 0.771495751019 2.313333
-0.310416240681 0.772948518646 2.3163946829
-0.309261705431 0.775623245298 2.31899025234
-0.309062222413 0.779112728091 2.32072455639
-0.309848161105 0.7828857249 2.32133356298
-0.311499869469 0.786367831163 2.32072455639
-0.313765889877 0.789028927769 2.31899025234
-0.316301241264 0.79046388688 2.3163946829
-0.318719939365 0.790454248981 2.313333
-0.320653759319 0.789001481354 2.3102713171
-0.321808294569 0.786326754702 2.30767574766
-0.322007777587 0.782837271909 2.30594144361
-0.194308810657 0.826318897006 2.20501581822
-0.193901412216 0.822474128407 2.20440807837
-0.192600296731 0.818833343112 2.20501581822
-0.19060354724 0.815950817679 2.20674651488
-0.188215150751 0.814265390474 2.20933668547
-0.18579871898 0.814033652511 2.212392
-0.183722131759 0.815290883794 2.21544731453
-0.182301530667 0.817845682257 2.21803748512
-0.181753189343 0.821309102994 2.21976818178
-0.182160587784 0.825153871593 2.22037592163
-0.183461703269 0.828794656888 2.21976818178
-0.18545845276 0.831677182321 2.21803748512
-0.187846849249 0.833362609526 2.21544731453
-0.19026328102 0.833594347489 2.212392
-0.192339868241 0.832337116206 2.20933668547
-0.193760469333 0.829782317743 2.20674651488
-0.0929952936062 0.842849609422 2.13101040732
-0.093882547457 0.839468815848 2.1292763055
-0.093859926135 0.835614885483 2.12866736992
-0.0929308735315 0.831874544289 2.1292763055
-0.0912368294833 0.828817225308 2.13101040732
-0.0890356968404 0.826908377639 2.1336056741
-0.0866625780942 0.826438606037 2.136667
-0.0844787590615 0.827479428968 2.1397283259
-0.0828167063938 0.829872390578 2.14232359268
-0.081929452543 0.833253184152 2.1440576945
-0.081952073865 0.837107114517 2.14466663008
-0.0828811264685 0.840847455711 2.1440576945
-0.0845751705167 0.843904774692 2.14232359268
-0.0867763031596 0.845813622361 2.1397283259
-0.0891494219058 0.846283393963 2.136667
-0.0913332409385 0.845242571032 2.1336056741
-0.0236003182228 0.853944949261 2.08310568036
-0.0254978362601 0.851722308797 2.08051465768
-0.0267207996424 0.848436218391 2.07878339168
-0.027083023281 0.844586955518 2.0781754519
-0.0265293619105 0.840760535558 2.07878339168
-0.0251441054555 0.837539496262 2.08051465768
-0.023138146654 0.835414211664 2.08310568036
-0.0208168745494 0.83470823708 2.086162
-0.0185336817772 0.835529050739 2.08921831964
-0.0166361637399 0.837751691203 2.09180934232
-0.0154132003576 0.841037781609 2.09354060832
-0.015050976719 0.844887044482 2.0941485481
-0.0156046380895 0.848713464442 2.09354060832
-0.0169898945445 0.851934503738 2.09180934232
-0.018995853346 0.854059788336 2.08921831964
-0.0213171254506 0.85476576292 2.086162
0.148474013683 0.842042479805 1.96
0.146073448169 0.841690350999 1.95694368113
0.143773141202 0.83988776937 1.9543526591
0.141923293664 0.836909161629 1.95262139353
0.140805528075 0.833207993804 1.95201345391
0.140590014113 0.829347735146 1.95262139353
0.141309561825 0.825916075041 1.9543526591
0.142854626595 0.823435452632 1.95694368113
0.144989986317 0.822283520195 1.96
0.147390551831 0.822635649001 1.96305631887
0.149690858798 0.82443823063 1.9656473409
0.151540706336 0.827416838371 1.96737860647
0.152658471925 0.831118006196 1.96798654609
0.152873985887 0.834978264854 1.96737860647
0.152154438175 0.838409924959 1.9656473409
0.150609373405 0.840890547368 1.96305631887
0.314242840281 0.794374199793 1.83689431948
0.312378074571 0.79592640925 1.833838
0.30995533448 0.796056930552 1.83078168052
0.307343460227 0.794745893013 1.82819065798
0.30494008599 0.792192890214 1.82645939207
0.303111103708 0.788786593689 1.82585145233
0.302134959356 0.785045581205 1.82645939207
0.302160262062 0.781539388001 1.82819065798
0.303183159719 0.778801800207 1.83078168052
0.305047925429 0.77724959075 1.833838
0.30747066552 0.777119069448 1.83689431948
0.310082539773 0.778430106987 1.83948534202
0.31248591401 0.780983109786 1.84121660793
0.314314896292 0.784389406311 1.84182454767
0.315291040644 0.788130418795 1.84121660793
0.315265737938 0.791636611999 1.83948534202
0.375657621468 0.760213646543 1.7889895829
0.374914240592 0.763030753658 1.7863943206
0.373218099317 0.764755721808 1.783333
0.370827419777 0.765125940231 1.7802716794
0.368106161259 0.764085046526 1.7776764171
0.365468610706 0.761791507326 1.77594231828
0.363316311278 0.758594493181 1.77533338375
0.361976931055 0.754980720515 1.77594231828
0.361654378532 0.751500353457 1.7776764171
0.362397759408 0.748683246342 1.7802716794
0.364093900683 0.746958278192 1.783333
0.366484580223 0.746588059769 1.7863943206
0.369205838741 0.747628953474 1.7889895829
0.371843389294 0.749922492674 1.79072368172
0.373995688722 0.753119506819 1.79133261625
0.375335068945 0.756733279485 1.79072368172
0.465206938072 0.710028683721 1.71498418174
0.465876231562 0.713470777343 1.71325348509
0.465415100857 0.716357377691 1.71066331452
0.463893748926 0.718249026029 1.707608
0.461543787809 0.718857736045 1.70455268548
0.458722977785 0.718090837157 1.70196251491
0.455860761609 0.71606508277 1.70023181826
0.453392885747 0.713088875624 1.69962407842
0.451695061928 0.709615316279 1.70023181826
0.451025768438 0.706173222657 1.70196251491
0.451486899143 0.703286622309 1.70455268548
0.453008251074 0.701394973971 1.707608
0.455358212191 0.700786263955 1.71066331452
0.458179022215 0.701553162843 1.71325348509
0.461041238391 0.70357891723 1.71498418174
0.463509114253 0.706555124376 1.71559192158
0.568304447988 0.62221658416 1.61466756255
0.570333365348 0.625493274401 1.61405855599
0.571339320244 0.628840562661 1.61232425204
0.571169165164 0.631748854645 1.60972868274
0.569848804676 0.633775389263 1.606667
0.567579251694 0.63461164499 1.60360531726
0.564706025086 0.634130309471 1.60100974796
0.561666547559 0.632404661677 1.59927544401
0.558923552012 0.62969741584 1.59866643745
0.556894634652 0.626420725599 1.59927544401
0.555888679756 0.623073437339 1.60100974796
0.556058834836 0.620165145355 1.60360531726
0.557379195324 0.618138610737 1.606667
0.559648748306 0.61730235501 1.60972868274
0.562521974914 0.617783690529 1.61232425204
0.565561452441 0.619509338323 1.61405855599
0.591307899924 0.598279375091 1.5887514057
0.594316217187 0.600707944752 1.58935949357
0.59666895192 0.603775934752 1.5887514057
0.598007921587 0.607016271423 1.58701971797
0.598129280193 0.609935642882 1.58442806414
0.597014551991 0.612089601287 1.581371
0.594833444246 0.613150225998 1.57831393586
0.591918010838 0.612956046517 1.57572228203
0.588712100076 0.611536624909 1.5739905943
0.585703782813 0.609108055248 1.57338250643
0.58335104808 0.606040065248 1.5739905943
0.582012078413 0.602799728577 1.57572228203
0.581890719807 0.599880357118 1.57831393586
0.583005448009 0.597726398713 1.581371
0.585186555754 0.596665774002 1.58442806414
0.588101989162 0.596859953483 1.58701971797
0.694706989328 0.468495661176 1.46094472179
0.698130600301 0.46925163719 1.46267641069
0.701560514003 0.471035903714 1.46328449897
0.704474557165 0.473576822343 1.46267641069
0.706429093131 0.47648756125 1.46094472179
0.707126561519 0.479324986822 1.4583530662
0.706460779089 0.481657126737 1.455296
0.70453310518 0.483128933834 1.4522389338
0.701637010672 0.483516338824 1.44964727821
0.698213399699 0.48276036281 1.44791558931
0.694783485997 0.480976096286 1.44730750103
0.691869442835 0.478435177657 1.44791558931
0.689914906869 0.47552443875 1.44964727821
0.689217438481 0.472687013178 1.4522389338
0.689883220911 0.470354873263 1.455296
0.69181089482 0.468883066166 1.4583530662
0.707302227241 0.43992132536 1.43306168205
0.710136792212 0.439248748603 1.43565725076
0.713607908166 0.439658186443 1.43739155433
0.717187129165 0.441087305682 1.43800056075
0.720329551257 0.44331853587 1.43739155433
0.722556769165 0.446012192437 1.43565725076
0.723529709152 0.448758190589 1.43306168205
0.723100249925 0.451138476999 1.43
0.721333772759 0.45279067464 1.42693831795
0.718499207788 0.453463251397 1.42434274924
0.715028091834 0.453053813557 1.42260844567
0.711448870835 0.451624694318 1.42199943925
0.708306448743 0.44939346413 1.42260844567
0.706079230835 0.446699807563 1.42434274924
0.705106290848 0.443953809411 1.42693831795
0.705535750075 0.441573523001 1.43
0.769402886928 0.324331257968 1.329059
0.771001620812 0.322504540159 1.33211431399
0.773764294372 0.321549167228 1.33470448413
0.777270315602 0.321610586042 1.33643518048
0.780985924552 0.322679446144 1.33704292022
0.784345453441 0.324593023274 1.33643518048
0.786837444451 0.327059992658 1.33470448413
0.788082514539 0.329704780573 1.33211431399
0.787891113072 0.332124742032 1.329059
0.786292379188 0.333951459841 1.32600368601
0.783529705628 0.334906832772 1.32341351587
0.780023684398 0.334845413958 1.32168281952
0.776308075448 0.333776553856 1.32107507978
0.772948546559 0.331862976726 1.32168281952
0.770456555549 0.329396007342 1.32341351587
0.769211485461 0.326751219427 1.32600368601
0.798885813001 0.23127307154 1.25027168403
0.798835281294 0.228854417937 1.253333
0.800239521138 0.226884506984 1.25639431597
0.802884749744 0.225663239766 1.25898957433
0.806368255038 0.225376543145 1.26072367053
0.810159704917 0.226068064083 1.26133260414
0.813681885505 0.227632524786 1.26072367053
0.816398576736 0.229831750295 1.25898957433
0.817896186999 0.23233092846 1.25639431597
0.817946718706 0.234749582063 1.253333
0.816542478862 0.236719493016 1.25027168403
0.813897250256 0.237940760234 1.24767642567
0.810413744962 0.238227456855 1.24594232947
0.806622295083 0.237535935917 1.24533339586
0.803100114495 0.235971475214 1.24594232947
0.800383423264 0.233772249705 1.24767642567
0.820449865536 0.170199361122 1.19718066301
0.818705193093 0.167854827379 1.19977168324
0.818413022014 0.165446226482 1.202828
0.819617832698 0.163340246085 1.20588431676
0.822136203638 0.161857502611 1.20847533699
0.825584735689 0.161223730313 1.21020660136
0.829438421107 0.161535415279 1.21081454057
0.833110571221 0.162745106298 1.21020660136
0.836042134464 0.164668638878 1.20847533699
0.837786806907 0.167013172621 1.20588431676
0.838078977986 0.169421773518 1.202828
0.836874167302 0.171527753915 1.19977168324
0.834355796362 0.173010497389 1.19718066301
0.830907264311 0.173644269687 1.19544939864
0.827053578893 0.173332584721 1.19484145943
0.823381428779 0.172122893702 1.19544939864
0.840272310685 0.00881186437346 1.07204668843
0.837260030101 0.0063318927635 1.07313076662
0.835426089772 0.00288794787905 1.07475320429
0.835049690488 -0.000995660890675 1.076667
0.836188135627 -0.00472768931548 1.07858079571
0.838668107236 -0.00773996989862 1.08020323338
0.842112052121 -0.00957391022769 1.08128731157
0.845995660891 -0.00995030951231 1.08166798921
0.849727689315 -0.00881186437346 1.08128731157
0.852739969899 -0.0063318927635 1.08020323338
0.854573910228 -0.00288794787905 1.07858079571
0.854950309512 0.000995660890675 1.076667
0.853811864373 0.00472768931548 1.07475320429
0.851331892764 0.00773996989862 1.07313076662
0.847887947879 0.00957391022769 1.07204668843
0.844004339109 0.00995030951231 1.07166601079
0.85 0.0 0.116666666667
0.85 0.0 0.176666666667
0.841017458449 0.123246235576 0.116666666667
0.841017458449 0.123246235576 0.176666666667
0.1 0.0 0.116666666667
0.0982059573779 0.0188570924452 0.116666666667
0.0928882012902 0.0370375763389 0.116666666667
0.814259683332 0.243887613666 0.116666666667
0.814259683332 0.243887613666 0.176666666667
0.1 0.0 0.176666666667
0.0928882012902 0.0370375763389 0.176666666667
0.0982059573779 0.0188570924452 0.176666666667
0.817072413507 0.234291850232 0.293333333333
0.817072413507 0.234291850232 0.353333333333
0.774466560011 0.35028780656 0.293333333333
0.774466560011 0.35028780656 0.353333333333
0.096126166295 0.0275637470862 0.293333333333
0.0892039006313 0.0451958417575 0.293333333333
0.0790809229718 0.0612062710997 0.293333333333
0.715492052268 0.458880292823 0.293333333333
0.715492052268 0.458880292823 0.353333333333
0.096126166295 0.0275637470862 0.353333333333
0.0790809229718 0.0612062710997 0.353333333333
0.0892039006313 0.0451958417575 0.353333333333
0.720840773917 0.45043154714 0.47
0.720840773917 0.45043154714 0.53
0.647912568301 0.550190243313 0.47
0.647912568301 0.550190243313 0.53
0.0848047969314 0.0529919467224 0.47
0.0732906223469 0.0680329675672 0.47
0.0591467177566 0.0806329075416 0.47
0.561290476648 0.638320453083 0.47
0.561290476648 0.638320453083 0.53
0.0848047969314 0.0529919467224 0.53
0.0591467177566 0.0806329075416 0.53
0.0732906223469 0.0680329675672 0.53
0.568760788607 0.631673305865 0.646666666667
0.568760788607 0.631673305865 0.706666666667
0.471160465692 0.707465769892 0.646666666667
0.471160465692 0.707465769892 0.706666666667
0.0669130339538 0.0743145065724 0.646666666667
0.0516990304004 0.0855991253207 0.646666666667
0.0346300215658 0.0938123744841 0.646666666667
0.363601981694 0.768305667627 0.646666666667
0.363601981694 0.768305667627 0.706666666667
0.0669130339538 0.0743145065724 0.706666666667
0.0346300215658 0.0938123744841 0.706666666667
0.0516990304004 0.0855991253207 0.706666666667
0.372615109038 0.763975117734 0.823333333333
0.372615109038 0.763975117734 0.883333333333
0.257904417233 0.80992920158 0.823333333333
0.257904417233 0.80992920158 0.883333333333
0.0438370716515 0.0898794256158 0.823333333333
0.0261019695242 0.0965333475383 0.823333333333
0.00743030647996 0.0997235706622 0.823333333333
0.137742814501 0.838765114352 0.823333333333
0.137742814501 0.838765114352 0.883333333333
0.0438370716515 0.0898794256158 0.883333333333
0.00743030647996 0.0997235706622 0.883333333333
0.0261019695242 0.0965333475383 0.883333333333
0.1476004501 0.837086678385 1.0
0.1476004501 0.837086678385 1.06
0.024666792291 0.849642012472 1.0
0.024666792291 0.849642012472 1.06
0.0173647588353 0.0984807856924 1.0
-0.00151738513818 0.099988487049 1.0
-0.0203450840395 0.0979085162559 1.0
-0.0987882078401 0.844239829664 1.0
-0.0987882078401 0.844239829664 1.06
0.0173647588353 0.0984807856924 1.06
-0.0203450840395 0.0979085162559 1.06
-0.00151738513818 0.099988487049 1.06
-0.0888498008064 0.845343547262 1.17666666667
-0.0888498008064 0.845343547262 1.23666666667
-0.210481933678 0.823527386063 1.17666666667
-0.210481933678 0.823527386063 1.23666666667
-0.0104529177419 0.0994521820308 1.17666666667
-0.0290191778467 0.0956968511347 1.17666666667
-0.0465442051132 0.088507835644 1.17666666667
-0.327665448398 0.784305650832 1.17666666667
-0.327665448398 0.784305650832 1.23666666667
-0.0104529177419 0.0994521820308 1.23666666667
-0.0465442051132 0.088507835644 1.23666666667
-0.0290191778467 0.0956968511347 1.23666666667
-0.318416264652 0.788106009624 1.35333333333
-0.318416264652 0.788106009624 1.41333333333
-0.429323219468 0.73360859675 1.35333333333
-0.429323219468 0.73360859675 1.41333333333
-0.0374607370179 0.0927183540734 1.35333333333
-0.0542726611706 0.0839909414727 1.35333333333
-0.0691372359761 0.0722498622945 1.35333333333
-0.531156259796 0.663606078694 1.35333333333
-0.531156259796 0.663606078694 1.41333333333
-0.0374607370179 0.0927183540734 1.41333333333
-0.0691372359761 0.0722498622945 1.41333333333
-0.0542726611706 0.0839909414727 1.41333333333
-0.523312895333 0.669808639522 1.53
-0.523312895333 0.669808639522 1.59
-0.6149019701 0.58685225327 1.53
-0.6149019701 0.58685225327 1.59
-0.0615662229804 0.0788010164143 1.53
-0.0753212792124 0.0657776930107 1.53
-0.0863737437392 0.0503942099103 1.53
-0.693494850757 0.491492514667 1.53
-0.693494850757 0.491492514667 1.59
-0.0615662229804 0.0788010164143 1.59
-0.0863737437392 0.0503942099103 1.59
-0.0753212792124 0.0657776930107 1.59
-0.68766498337 0.499616723746 1.70666666667
-0.68766498337 0.499616723746 1.76666666667
-0.75284016119 0.394628549018 1.70666666667
-0.75284016119 0.394628549018 1.76666666667
-0.0809017627495 0.0587784380877 1.70666666667
-0.0905342550518 0.0424682076643 1.70666666667
-0.0969183011076 0.0246341817483 1.70666666667
-0.802103767176 0.281299745258 1.70666666667
-0.802103767176 0.281299745258 1.76666666667
-0.0809017627495 0.0587784380877 1.76666666667
-0.0969183011076 0.0246341817483 1.76666666667
-0.0905342550518 0.0424682076643 1.76666666667
-0.7987390756 0.290716165889 1.88333333333
-0.7987390756 0.290716165889 1.94333333333
-0.832450800462 0.171830337283 1.88333333333
-0.832450800462 0.171830337283 1.94333333333
-0.0939693030118 0.0342019018693 1.88333333333
-0.0987329379176 0.0158684268331 1.88333333333
-0.0999539508468 -0.00303442088474 1.88333333333
-0.848568351431 0.0493128071608 1.88333333333
-0.848568351431 0.0493128071608 1.94333333333
-0.0939693030118 0.0342019018693 1.94333333333
-0.0999539508468 -0.00303442088474 1.94333333333
-0.0987329379176 0.0158684268331 1.94333333333
-0.847929520779 0.0592918863918 2.06
-0.847929520779 0.0592918863918 2.12
-0.847565920362 -0.0642807174943 2.06
-0.847565920362 -0.0642807174943 2.12
-0.0997564142093 0.0069755160461 2.06
-0.0992821211294 -0.0119607869324 2.06
-0.0952455009112 -0.0304679266798 2.06
-0.82928868207 -0.186494723226 2.06
-0.82928868207 -0.186494723226 2.12
-0.0997564142093 0.0069755160461 2.12
-0.0952455009112 -0.0304679266798 2.12
-0.0992821211294 -0.0119607869324 2.12
-0.831425206816 -0.176726131264 2.23666666667
-0.831425206816 -0.176726131264 2.29666666667
-0.797014451671 -0.295411516071 2.23666666667
-0.797014451671 -0.295411516071 2.29666666667
-0.0978147302136 -0.0207913095605 2.23666666667
-0.0921392557985 -0.0388633187067 2.23666666667
-0.083157746342 -0.055540878849 2.23666666667
-0.745758483753 -0.407853262719 2.23666666667
-0.745758483753 -0.407853262719 2.29666666667
-0.0978147302136 -0.0207913095605 2.29666666667
-0.083157746342 -0.055540878849 2.29666666667
-0.0921392557985 -0.0388633187067 2.29666666667
-0.750504833065 -0.399051996043 2.41333333333
-0.750504833065 -0.399051996043 2.47333333333
-0.684712954055 -0.503654812892 2.41333333333
-0.684712954055 -0.503654812892 2.47333333333
-0.088294686243 -0.0469472936521 2.41333333333
-0.0778577473742 -0.0627548498031 2.41333333333
-0.0646272061605 -0.0763107084483 2.41333333333
-0.604449398433 -0.597612687896 2.41333333333
-0.604449398433 -0.597612687896 2.47333333333
-0.088294686243 -0.0469472936521 2.47333333333
-0.0646272061605 -0.0763107084483 2.47333333333
-0.0778577473742 -0.0627548498031 2.47333333333
-0.611437840953 -0.590460639375 2.59
-0.611437840953 -0.590460639375 2.65
-0.523311091657 -0.669810048707 2.59
-0.523311091657 -0.669810048707 2.65
-0.0719338636415 -0.0694659575735 2.59
-0.0615660107832 -0.0788011822008 2.59
-0.0499998445299 -0.086602630139 2.59
-0.424998678504 -0.736122356181 2.59
-0.424998678504 -0.736122356181 2.65
-0.0719338636415 -0.0694659575735 2.65
-0.0499998445299 -0.086602630139 2.65
-0.0615660107832 -0.0788011822008 2.65
0.1 0.0 0.0
0.1 0.0 3.5
0.0980785280403 0.0195090322016 0.0
0.0980785280403 0.0195090322016 3.5
0.0980785280403 -0.0195090322016 0.0
0.0923879532511 -0.0382683432365 0.0
0.0831469612303 -0.0555570233019 0.0
0.0707106781187 -0.0707106781186 0.0
0.055557023302 -0.0831469612302 0.0
0.0382683432365 -0.0923879532511 0.0
0.0195090322016 -0.0980785280403 0.0
0.0 -0.1 0.0
-0.0195090322016 -0.0980785280403 0.0
-0.0382683432365 -0.0923879532511 0.0
-0.0555570233019 -0.0831469612303 0.0
-0.0707106781186 -0.0707106781187 0.0
-0.0831469612302 -0.055557023302 0.0
-0.0923879532511 -0.0382683432365 0.0
-0.0980785280403 -0.0195090322016 0.0
-0.1 0.0 0.0
-0.0980785280403 0.0195090322016 0.0
-0.0923879532511 0.0382683432365 0.0
-0.0831469612303 0.0555570233019 0.0
-0.0707106781187 0.0707106781186 0.0
-0.055557023302 0.0831469612302 0.0
-0.0382683432365 0.0923879532511 0.0
-0.0195090322016 0.0980785280403 0.0
0.0 0.1 0.0
0.0195090322016 0.0980785280403 0.0
0.0382683432365 0.0923879532511 0.0
0.055557023302 0.0831469612303 0.0
0.0707106781187 0.0707106781187 0.0
0.0831469612303 0.055557023302 0.0
0.0923879532511 0.0382683432365 0.0
0.0923879532511 0.0382683432365 3.5
0.0980785280403 -0.0195090322016 3.5
0.0831469612303 0.055557023302 3.5
0.0707106781187 0.0707106781187 3.5
0.055557023302 0.0831469612303 3.5
0.0382683432365 0.0923879532511 3.5
0.0195090322016 0.0980785280403 3.5
0.0 0.1 3.5
-0.0195090322016 0.0980785280403 3.5
-0.0382683432365 0.0923879532511 3.5
-0.055557023302 0.0831469612302 3.5
-0.0707106781187 0.0707106781186 3.5
-0.0831469612303 0.0555570233019 3.5
-0.0923879532511 0.0382683432365 3.5
-0.0980785280403 0.0195090322016 3.5
-0.1 0.0 3.5
-0.0980785280403 -0.0195090322016 3.5
-0.0923879532511 -0.0382683432365 3.5
-0.0831469612302 -0.055557023302 3.5
-0.0707106781186 -0.0707106781187 3.5
-0.0555570233019 -0.0831469612303 3.5
-0.0382683432365 -0.0923879532511 3.5
-0.0195090322016 -0.0980785280403 3.5
0.0 -0.1 3.5
0.0195090322016 -0.0980785280403 3.5
0.0382683432365 -0.0923879532511 3.5
0.055557023302 -0.0831469612302 3.5
0.0707106781187 -0.0707106781186 3.5
0.0831469612303 -0.0555570233019 3.5
0.0923879532511 -0.0382683432365 3.5
