127
0 0 0
0 0 0
0 0 0
7.46 3.0966 0
7.41 4.25 0
0 0 0
0 0 0
0 0 0
0 0 0
7.41 10 0
7.41 5 0
7.41 4.5575 0
0 0 0
3.8 10 0
0 5.75 0
5.66 5.75 0
2.05 5.75 0
5.2175 5.75 0
1.6075 5.75 0
0 0 0
0 0 0
-1.53222 -1.75473 0
2.53456 -2.29529 0
3.57004 4.13 2.5
0 4.25 0
3.8 4.01 0
7.65 9.7 0
4.04 9.7 0
0.3 9.7 0
0 0 0
0 7.495 0.8
0 2.205 0.95
0 5 0
0 6.495 0.8
0 1.205 0.95
0 5.505 0
12 0 0
2.79 0 0.95
9.21 0 0.8
6 0 0
3.79 0 0.95
10.21 0 0.8
4.995 0 0
12 10 0
12 7.50239 0.8
12 2.205 0.8
12 8.50239 0.8
12 3.205 0.8
0 10 0
2.05 10 0.8
5.66 10 0.8
9.795 10 0.8
1.05 10 0.8
4.66 10 0.8
8.795 10 0.8
4.695 0.254184 0
11.7 0.3 0
0.3 4.25 0
0 10 0
0.3 4.01 0
4.695 4.01 0
0 0 2.7
1.1 10 3.2
10.2 10 3.2
9.5 10 3.2
8.8 10 3.2
8.1 10 3.2
6.7 10 3.2
6 10 3.2
5.3 10 3.2
4.6 10 3.2
3.9 10 3.2
3.2 10 3.2
2.5 10 3.2
1.8 10 3.2
0.4 10 3.2
-0.3 10 3.2
12.46 10 3.2
12.3 10 3.2
11.6 10 3.2
10.9 10 3.2
12.5 9.76947 3.36
-0.46 10 3.2
-0.46 0 3.2
-0.3 0 3.2
0.4 0 3.2
1.1 0 3.2
1.8 0 3.2
2.5 0 3.2
3.2 0 3.2
3.9 0 3.2
4.6 0 3.2
5.3 0 3.2
6 0 3.2
6.7 0 3.2
7.4 0 3.2
8.1 0 3.2
8.8 0 3.2
9.5 0 3.2
10.2 0 3.2
10.9 0 3.2
11.6 0 3.2
12.3 0 3.2
12.46 0 3.2
-0.5 0.230526 3.36
12.5 5 6.08675
7.4 10 3.2
7.36763 3.25653 2.7
7.41 4.05 2.7
0.1 0.1 2.7
0.1 0.1 2.7
0 10 3.2
0 0 3.2
0 0 2.7
0 5 3.5
0 5.5 3.5
0 10 2.7
12 10 2.7
12 5 3.5
12 5.5 3.5
12 0 2.7
0 0 2.7
0 0 2.7
11.7 9.7 2.7
4.695 4.01 0
4.695 0.3 0
4.695 4.01 0
